0
1
0
0
0
0
0
1
0
1
0
1
1
0
0
0
0
1
1
0
2
0
0
0
1
0
0
0
0
1
1
0
1
1
0
0
0
0
0
0
1
1
0
1
0
1
1
1
1
1
0
0
1
0
0
0
0
2
2
1
0
0
0
2
1
0
0
3
1
0
0
0
0
1
0
0
2
0
1
1
0
2
1
0
0
0
0
1
0
0
2
0
0
0
1
0
1
0
0
1
0
1
0
0
1
2
0
1
2
1
0
1
2
1
0
3
0
0
0
0
0
1
1
0
1
2
0
1
1
1
2
1
2
2
0
2
1
0
0
0
1
0
1
0
0
1
1
0
0
0
0
0
0
1
1
0
0
1
0
1
0
0
1
1
0
1
0
2
2
0
1
2
2
1
2
0
0
0
1
0
0
0
1
1
0
0
1
0
0
0
0
0
0
0
0
65
67
65
35
67
103
105
35
67
103
107
65
66
147
34
148
32
103
32
35
66
104
104
63
66
147
35
147
37
105
36
35
66
103
36
68
36
103
33
36
65
146
62
32
67
101
67
67
67
145
33
146
65
145
67
35
35
106
36
35
66
103
146
64
66
106
64
63
69
147
36
145
66
150
37
150
64
106
32
67
68
104
66
149
67
103
67
63
36
106
33
67
0
0
0
0
0
0
2
2
1
1
1
1
0
0
0
0
1
0
1
0
0
1
0
1
2
0
2
0
0
0
0
0
1
0
0
1
1
0
1
1
1
1
2
1
0
0
2
1
0
1
2
1
0
0
1
0
0
0
0
0
0
1
1
0
2
0
0
0
0
0
1
1
0
2
0
1
1
0
0
0
1
0
0
0
0
0
0
0
3
1
0
2
1
0
1
2
0
0
0
1
1
0
0
2
0
0
0
0
1
2
0
1
1
1
0
0
0
0
0
1
0
1
0
0
1
1
0
1
1
0
0
1
2
0
1
0
0
0
0
1
1
0
0
1
0
0
0
0
0
0
2
0
1
1
1
0
0
0
0
0
0
0
0
0
1
0
0
